
///////////////////////////////////  
  
  {0,0,0,0,0,0,0,0},
  {0,0,0,0,0,0,0,0},
  {0,0,0,0,0,0,0,0},
  {0,0,0,0,0,0,0,0},
  {0,0,0,0,0,0,0,0},
  {0,0,0,0,0,0,0,0},
  {0,0,0,0,0,0,0,0},
  {0,0,0,0,0,0,0,0}

///////////PACMAN////////////////
byte figuur1_1 [8][8] = {
  
  {0,0,1,1,1,1,0,0},
  {0,1,1,1,1,1,1,0},
  {1,1,0,1,1,1,1,0},
  {1,1,1,1,1,1,0,0},
  {1,1,1,1,1,0,0,1},
  {1,1,1,1,1,1,0,0},
  {0,1,1,1,1,1,1,0},
  {0,0,1,1,1,1,0,0}
};
byte figuur1_2 [8][8] = {
  {0,0,1,1,1,1,0,0},
  {0,1,1,1,1,1,1,0},
  {1,1,0,1,1,1,1,0},
  {1,1,1,1,1,1,1,0},
  {1,1,1,1,1,1,1,0},
  {1,1,1,1,1,1,1,0},
  {0,1,1,1,1,1,1,0},
  {0,0,1,1,1,1,0,0}
};


//////////HEART/////////////
